	19040 
	19080 
	19120 
	19160 
	18880 
	18920 
	18960 
	19000 
	18720 
	18760 
	18800 
	18840 
	18560 
	18600 
	18640 
	18680 
	18400 
	18440 
	18480 
	18520 
	18240 
	18280 
	18320 
	18360 
	18080 
	18120 
	18160 
	18200 
	17920 
	17960 
	18000 
	18040 
	17760 
	17800 
	17840 
	17880 
	17600 
	17640 
	17680 
	17720 
	17440 
	17480 
	17520 
	17560 
	17280 
	17320 
	17360 
	17400 
	17120 
	17160 
	17200 
	17240 
	16960 
	17000 
	17040 
	17080 
	16800 
	16840 
	16880 
	16920 
	16640 
	16680 
	16720 
	16760 
	16480 
	16520 
	16560 
	16600 
	16320 
	16360 
	16400 
	16440 
	16160 
	16200 
	16240 
	16280 
	16000 
	16040 
	16080 
	16120 
	15840 
	15880 
	15920 
	15960 
	15680 
	15720 
	15760 
	15800 
	15520 
	15560 
	15600 
	15640 
	15360 
	15400 
	15440 
	15480 
	15200 
	15240 
	15280 
	15320 
	15040 
	15080 
	15120 
	15160 
	14880 
	14920 
	14960 
	15000 
	14720 
	14760 
	14800 
	14840 
	14560 
	14600 
	14640 
	14680 
	14400 
	14440 
	14480 
	14520 
	14240 
	14280 
	14320 
	14360 
	14080 
	14120 
	14160 
	14200 
	13920 
	13960 
	14000 
	14040 
	13760 
	13800 
	13840 
	13880 
	13600 
	13640 
	13680 
	13720 
	13440 
	13480 
	13520 
	13560 
	13280 
	13320 
	13360 
	13400 
	13120 
	13160 
	13200 
	13240 
	12960 
	13000 
	13040 
	13080 
	12800 
	12840 
	12880 
	12920 
	12640 
	12680 
	12720 
	12760 
	12480 
	12520 
	12560 
	12600 
	12320 
	12360 
	12400 
	12440 
	12160 
	12200 
	12240 
	12280 
	12000 
	12040 
	12080 
	12120 
	11840 
	11880 
	11920 
	11960 
	11680 
	11720 
	11760 
	11800 
	11520 
	11560 
	11600 
	11640 
	11360 
	11400 
	11440 
	11480 
	11200 
	11240 
	11280 
	11320 
	11040 
	11080 
	11120 
	11160 
	10880 
	10920 
	10960 
	11000 
	10720 
	10760 
	10800 
	10840 
	10560 
	10600 
	10640 
	10680 
	10400 
	10440 
	10480 
	10520 
	10240 
	10280 
	10320 
	10360 
	10080 
	10120 
	10160 
	10200 
	9920 
	9960 
	10000 
	10040 
	9760 
	9800 
	9840 
	9880 
	9600 
	9640 
	9680 
	9720 
	9440 
	9480 
	9520 
	9560 
	9280 
	9320 
	9360 
	9400 
	9120 
	9160 
	9200 
	9240 
	8960 
	9000 
	9040 
	9080 
	8800 
	8840 
	8880 
	8920 
	8640 
	8680 
	8720 
	8760 
	8480 
	8520 
	8560 
	8600 
	8320 
	8360 
	8400 
	8440 
	8160 
	8200 
	8240 
	8280 
	8000 
	8040 
	8080 
	8120 
	7840 
	7880 
	7920 
	7960 
	7680 
	7720 
	7760 
	7800 
	7520 
	7560 
	7600 
	7640 
	7360 
	7400 
	7440 
	7480 
	7200 
	7240 
	7280 
	7320 
	7040 
	7080 
	7120 
	7160 
	6880 
	6920 
	6960 
	7000 
	6720 
	6760 
	6800 
	6840 
	6560 
	6600 
	6640 
	6680 
	6400 
	6440 
	6480 
	6520 
	6240 
	6280 
	6320 
	6360 
	6080 
	6120 
	6160 
	6200 
	5920 
	5960 
	6000 
	6040 
	5760 
	5800 
	5840 
	5880 
	5600 
	5640 
	5680 
	5720 
	5440 
	5480 
	5520 
	5560 
	5280 
	5320 
	5360 
	5400 
	5120 
	5160 
	5200 
	5240 
	4960 
	5000 
	5040 
	5080 
	4800 
	4840 
	4880 
	4920 
	4640 
	4680 
	4720 
	4760 
	4480 
	4520 
	4560 
	4600 
	4320 
	4360 
	4400 
	4440 
	4160 
	4200 
	4240 
	4280 
	4000 
	4040 
	4080 
	4120 
	3840 
	3880 
	3920 
	3960 
	3680 
	3720 
	3760 
	3800 
	3520 
	3560 
	3600 
	3640 
	3360 
	3400 
	3440 
	3480 
	3200 
	3240 
	3280 
	3320 
	3040 
	3080 
	3120 
	3160 
	2880 
	2920 
	2960 
	3000 
	2720 
	2760 
	2800 
	2840 
	2560 
	2600 
	2640 
	2680 
	2400 
	2440 
	2480 
	2520 
	2240 
	2280 
	2320 
	2360 
	2080 
	2120 
	2160 
	2200 
	1920 
	1960 
	2000 
	2040 
	1760 
	1800 
	1840 
	1880 
	1600 
	1640 
	1680 
	1720 
	1440 
	1480 
	1520 
	1560 
	1280 
	1320 
	1360 
	1400 
	1120 
	1160 
	1200 
	1240 
	960 
	1000 
	1040 
	1080 
	800 
	840 
	880 
	920 
	640 
	680 
	720 
	760 
	480 
	520 
	560 
	600 
	320 
	360 
	400 
	440 
	160 
	200 
	240 
	280 
	0 
	40 
	80 
	120 